+6.450684 
+6.285943 
+4.804812 
+7.515017 
+11.951966 
+8.170615 
+5.686689 
+7.087599 
+7.954420 
+9.180593 
+5.480857 
+8.418932 
+13.909780 
+7.561848 
+8.017987 
+7.233960 
+5.980388 
+9.182563 
+8.959829 
+7.542893 
+8.764314 
+7.013718 
+6.931670 
+8.473869 
+4.310301 
+11.000494 
+9.390583 
+7.334271 
+6.396694 
+8.652629 
+12.371041 
+8.664515 
+5.600400 
+11.380602 
+6.471150 
+6.244842 
+7.482799 
+7.295390 
+7.356212 
+6.645024 
+5.298659 
+8.936571 
+8.628751 
+7.052414 
+9.772682 
+13.134284 
+7.760303 
+5.582194 
+8.581783 
+11.008968 
+11.183492 
+8.763963 
+7.649318 
+3.940233 
+12.013578 
+8.221078 
+7.175982 
+8.371678 
+10.467055 
+7.860574 
+8.713872 
+10.469529 
+5.895095 
+6.917238 
+7.919540 
+9.519062 
+7.420374 
+5.451765 
+10.447057 
+6.566495 
+7.038368 
+10.407807 
+9.941684 
+8.467419 
+7.972152 
+4.554511 
+6.439347 
+7.732730 
+8.050265 
+8.538145 
+7.889940 
+7.624104 
+8.033336 
+6.094929 
+7.705081 
+6.047628 
+8.876818 
+8.346490 
+5.376149 
+6.897905 
+10.171593 
+6.053033 
+11.499307 
+9.279708 
+5.367902 
+11.236654 
+4.022887 
+9.815739 
+8.963585 
+8.905958 
